# Created by Octave 3.8.1, Sat Feb 07 11:43:17 2015 PST <nehaavishwa@ubuntu>
# name: priceSample
# type: matrix
# rows: 10
# columns: 1
 3999
 3299
 3690
 2320
 5399
 2999
 3149
 1989
 2120
 2425


